# THE RECLUSE
dimwishlist:item=1050806815&perks=1482024992,3230963543,776531651,4104185692,2489430594
dimwishlist:item=1050806815&perks=1482024992,3230963543,4071163871,2109543898,2489430594
dimwishlist:item=1050806815&perks=3250034553,1885400500,1359896290,1890422124,2489430594
dimwishlist:item=1050806815&perks=3250034553,1885400500,1359896290,3081867624,2489430594

# ELSIE'S RIFLE
dimwishlist:item=3851176026&perks=1482024992,1968497646,776531651,2048641572,2489430594
dimwishlist:item=3851176026&perks=1482024992,1968497646,776531651,4104185692,2489430594
dimwishlist:item=3851176026&perks=1482024992,1968497646,3418782618,2048641572,2489430594
dimwishlist:item=3851176026&perks=1482024992,1885400500,2387244414,3047969693,2489430594
dimwishlist:item=3851176026&perks=1482024992,1885400500,2387244414,1015611457,2489430594
dimwishlist:item=3851176026&perks=1482024992,1885400500,3619207468,3047969693,2489430594


# HUNG JURY SR4
dimwishlist:item=205225492&perks=1840239774,106909392,3891536761,3824105627,2489430594
dimwishlist:item=205225492&perks=1840239774,106909392,3891536761,555281244,2489430594
dimwishlist:item=205225492&perks=1840239774,106909392,3828510309,3824105627,2489430594
dimwishlist:item=205225492&perks=4090651448,3230963543,247725512,3751912585,2489430594
dimwishlist:item=205225492&perks=4090651448,3230963543,247725512,2551157718,2489430594
dimwishlist:item=205225492&perks=4090651448,3230963543,2866798147,3751912585,2489430594

# SUCCESSION
dimwishlist:item=570866107&perks=1840239774,2420895100,1523832109,469285294,2489430594
dimwishlist:item=570866107&perks=1840239774,2420895100,1523832109,1546637391,2489430594
dimwishlist:item=570866107&perks=1840239774,3142289711,588594999,957782887,2489430594

# FALLING GUILLOTINE
dimwishlist:item=243425374&perks=3666208348,269888150,4104185692,3708227201,2489430594
dimwishlist:item=243425374&perks=3666208348,269888150,4104185692,3078487919,2489430594
dimwishlist:item=243425374&perks=3666208348,269888150,1546637391,3708227201,2489430594
dimwishlist:item=243425374&perks=2827049491,269888150,4104185692,3708227201,2489430594
dimwishlist:item=243425374&perks=436053704,269888150,1546637391,2077819806,2489430594

# EDGE TRANSIT
dimwishlist:item=568611923&perks=3525010810,3301904089,968510818,3078487919,2489430594
dimwishlist:item=568611923&perks=1478423395,2822142346,951095735,3194351027,2489430594